
1000 0000 0000
1000 0010 0000
1011 0000 0000
0000 1000 1000
1010 0001 0000
0000 0000 0000
1010 0001 0000
1010 0010 0000
1011 0000 0000
0000 0000 0000
1010 0000 0000
1010 0010 0000
1011 0000 0000
1001 0000 0000
0000 0000 0000
1010 0001 0000
1010 0010 0000
1011 0000 0000
0000 0000 0000
1010 0000 0000
1010 0010 0000
1011 0000 0000
1001 0000 0000
0000 0000 0000
1010 0001 0000
1010 0010 0000
1011 0000 0000
0000 0000 0000
1010 0000 0000
1010 0010 0000
1011 0000 0000
1001 0000 0000
0000 0000 0000
1010 0001 0000
1010 0010 0000
1011 0000 0000
0000 0000 0000
1010 0000 0000
1010 0010 0000
1011 0000 0000
1001 0000 0000
0000 0000 0000
1010 0001 0000
1010 0010 0000
1011 0000 0000
0000 0000 0000
1010 0000 0000
1010 0010 0000
1011 0000 0000
1001 0000 0000
0000 0000 0000
1010 0001 0000
1010 0010 0000
1011 0000 0000
0000 0000 0000
1010 0000 0000
1010 0010 0000
1011 0000 0000
1001 0000 0000
1110 0000 0000
